        GLOBAL Land-Ocean Temperature Index in 0.01 degrees Celsius   base period: 1951-1980

                    sources:  GHCN-v4 1880-11/2020 + SST: ERSST v5 1880-11/2020
                    using elimination of outliers and homogeneity adjustment
                    Notes: 1950 DJF = Dec 1949 - Feb 1950 ;  ***** = missing

                                                                     AnnMean
Year   Jan  Feb  Mar  Apr  May  Jun  Jul  Aug  Sep  Oct  Nov  Dec    J-D D-N    DJF  MAM  JJA  SON  Year
1880   -17  -24   -8  -15   -9  -20  -17   -9  -14  -22  -21  -17    -16 ***   ****  -11  -15  -19  1880
1881   -19  -13    4    6    7  -18    1   -3  -15  -21  -17   -6     -8  -9    -16    5   -7  -18  1881
1882    18   15    5  -16  -14  -22  -15   -6  -13  -23  -15  -35    -10  -8      9   -8  -14  -17  1882
1883   -28  -36  -11  -17  -16   -7   -5  -13  -20  -11  -22  -10    -16 -18    -33  -15   -8  -18  1883
1884   -12   -7  -35  -39  -33  -35  -31  -26  -26  -25  -33  -31    -28 -26    -10  -36  -31  -28  1884
1885   -58  -33  -26  -41  -45  -43  -34  -31  -28  -23  -23  -10    -33 -35    -41  -37  -36  -25  1885
1886   -43  -50  -43  -28  -24  -34  -18  -30  -24  -27  -26  -25    -31 -30    -34  -31  -27  -26  1886
1887   -71  -56  -35  -34  -30  -24  -25  -35  -25  -35  -25  -33    -36 -35    -51  -33  -28  -29  1887
1888   -34  -36  -41  -20  -22  -17  -10  -15  -12    2    3   -4    -17 -20    -34  -28  -14   -2  1888
1889    -8   17    6   10   -1  -10   -7  -20  -24  -26  -33  -29    -10  -8      2    5  -12  -27  1889
1890   -41  -44  -40  -29  -39  -24  -28  -39  -36  -25  -43  -31    -35 -35    -38  -36  -30  -34  1890
1891   -34  -46  -18  -27  -16  -20  -17  -17  -16  -22  -31   -5    -22 -25    -37  -20  -18  -23  1891
1892   -29  -10  -40  -33  -23  -22  -32  -27  -17  -14  -42  -38    -27 -25    -15  -32  -27  -24  1892
1893   -81  -57  -22  -27  -34  -26  -14  -25  -22  -18  -18  -31    -31 -32    -59  -28  -21  -20  1893
1894   -52  -29  -23  -45  -31  -40  -24  -23  -27  -23  -25  -21    -30 -31    -38  -33  -29  -25  1894
1895   -40  -42  -32  -21  -27  -21  -16  -17  -12  -11  -16  -14    -22 -23    -34  -27  -18  -13  1895
1896   -21  -12  -26  -30  -15  -11   -2   -5   -7    7   -4   -4    -11 -12    -16  -24   -6   -1  1896
1897   -15  -17  -14   -2   -1  -12   -2   -9   -8  -12  -18  -19    -11  -9    -12   -6   -8  -13  1897
1898    -1  -29  -50  -30  -29  -18  -21  -26  -21  -34  -37  -23    -27 -26    -16  -36  -22  -31  1898
1899   -16  -38  -35  -20  -22  -31  -15   -8   -5   -4   13  -25    -17 -17    -25  -26  -18    1  1899
1900   -35   -5    1   -8   -8   -9  -12   -8   -4   10   -5   -6     -7  -9    -21   -5  -10    0  1900

Year   Jan  Feb  Mar  Apr  May  Jun  Jul  Aug  Sep  Oct  Nov  Dec    J-D D-N    DJF  MAM  JJA  SON  Year
1901   -21  -10    7   -2  -15  -11  -14  -20  -21  -28  -17  -27    -15 -13    -12   -3  -15  -22  1901
1902   -17   -6  -27  -27  -31  -29  -27  -29  -28  -28  -34  -41    -27 -26    -16  -28  -28  -30  1902
1903   -22   -5  -21  -40  -39  -41  -34  -44  -49  -47  -41  -50    -36 -35    -22  -33  -40  -46  1903
1904   -62  -56  -47  -49  -51  -47  -50  -48  -55  -38  -16  -32    -46 -47    -56  -49  -48  -36  1904
1905   -34  -58  -20  -33  -28  -27  -26  -19  -18  -24   -6  -12    -26 -27    -41  -27  -24  -16  1905
1906   -27  -28  -18   -4  -25  -19  -22  -19  -28  -19  -36  -14    -22 -21    -23  -16  -20  -28  1906
1907   -42  -50  -26  -36  -45  -41  -34  -33  -34  -22  -45  -46    -38 -35    -35  -36  -36  -34  1907
1908   -44  -32  -55  -44  -37  -38  -35  -46  -35  -43  -51  -48    -42 -42    -41  -45  -39  -43  1908
1909   -72  -45  -54  -58  -54  -51  -44  -32  -38  -39  -31  -56    -48 -47    -55  -55  -42  -36  1909
1910   -40  -41  -50  -42  -33  -38  -34  -36  -38  -40  -54  -66    -43 -42    -46  -42  -36  -44  1910
1911   -61  -57  -60  -53  -50  -49  -40  -43  -40  -26  -20  -20    -43 -47    -61  -54  -44  -29  1911
1912   -24  -13  -37  -17  -21  -22  -41  -53  -57  -57  -37  -42    -35 -33    -19  -25  -39  -50  1912
1913   -40  -44  -41  -38  -43  -45  -36  -33  -35  -31  -19   -1    -34 -37    -42  -41  -38  -28  1913
1914     6   -9  -23  -28  -20  -25  -22  -15  -16   -3  -14   -3    -14 -14     -1  -24  -21  -11  1914
1915   -20   -3   -9    7   -5  -21  -11  -21  -20  -24  -12  -21    -13 -12     -9   -2  -18  -18  1915
1916   -11  -14  -27  -29  -33  -49  -37  -27  -35  -32  -45  -81    -35 -30    -15  -30  -37  -37  1916
1917   -57  -62  -63  -54  -54  -42  -24  -22  -22  -44  -32  -66    -45 -46    -67  -57  -30  -33  1917
1918   -47  -34  -24  -43  -42  -35  -31  -30  -16   -5  -11  -29    -29 -32    -49  -36  -32  -11  1918
1919   -20  -24  -20  -12  -27  -36  -29  -32  -24  -19  -40  -42    -27 -26    -24  -20  -32  -28  1919
1920   -24  -26  -11  -23  -26  -35  -30  -26  -21  -26  -26  -46    -27 -26    -30  -20  -30  -24  1920

Year   Jan  Feb  Mar  Apr  May  Jun  Jul  Aug  Sep  Oct  Nov  Dec    J-D D-N    DJF  MAM  JJA  SON  Year
1921    -4  -17  -22  -29  -29  -27  -14  -25  -18   -3  -13  -17    -18 -21    -22  -27  -22  -11  1921
1922   -32  -44  -14  -22  -33  -30  -27  -32  -35  -32  -14  -18    -28 -28    -31  -23  -30  -27  1922
1923   -27  -38  -33  -40  -33  -29  -30  -32  -31  -13   -2   -4    -26 -27    -28  -35  -30  -15  1923
1924   -22  -23   -8  -31  -18  -26  -28  -36  -32  -35  -20  -42    -27 -24    -16  -19  -30  -29  1924
1925   -38  -40  -27  -25  -29  -32  -26  -20  -19  -17    5    6    -22 -26    -40  -27  -26  -10  1925
1926    21    3   11  -12  -23  -25  -27  -13  -13  -10   -5  -29    -10  -7     10   -8  -22  -10  1926
1927   -27  -18  -38  -30  -25  -27  -18  -24  -12   -1   -5  -33    -21 -21    -24  -31  -23   -6  1927
1928    -1   -9  -25  -28  -29  -38  -19  -22  -21  -19   -9  -16    -20 -21    -14  -27  -26  -16  1928
1929   -45  -58  -33  -41  -38  -43  -37  -32  -25  -14  -11  -54    -36 -33    -40  -37  -37  -17  1929
1930   -29  -26  -11  -25  -24  -22  -21  -15  -16  -12   18   -5    -16 -20    -37  -20  -19   -3  1930
1931   -10  -21  -10  -23  -19   -8   -4   -4   -7    5   -5   -6     -9  -9    -12  -17   -5   -3  1931
1932    15  -17  -18   -6  -17  -29  -25  -22  -11   -9  -27  -26    -16 -14     -3  -14  -25  -16  1932
1933   -23  -29  -30  -24  -29  -34  -21  -24  -29  -25  -31  -44    -29 -27    -26  -27  -26  -28  1933
1934   -21   -2  -29  -31  -10  -15  -11  -12  -15   -7    4   -2    -13 -16    -23  -23  -13   -6  1934
1935   -33   14  -14  -37  -29  -27  -22  -22  -22   -6  -26  -17    -20 -19     -7  -27  -23  -18  1935
1936   -27  -38  -21  -20  -16  -21   -9  -13   -9   -3    2   -1    -15 -16    -27  -19  -15   -3  1936
1937    -7    3  -21  -15   -5   -5   -4    2    9    9    9   -7     -3  -2     -1  -14   -2    9  1937
1938     8    4   10    6   -9  -17   -9   -5    0   15    8  -12      0   0      2    2  -10    8  1938
1939    -5   -6  -18  -10   -4   -7   -6   -6   -7   -3    7   44     -2  -6     -8  -10   -6   -1  1939
1940     0    8    9   18   11   11   12    7   15   11   17   32     13  14     17   13   10   15  1940

Year   Jan  Feb  Mar  Apr  May  Jun  Jul  Aug  Sep  Oct  Nov  Dec    J-D D-N    DJF  MAM  JJA  SON  Year
1941    18   31   10   16   17   13   22   15    2   35   23   22     19  20     27   14   17   20  1941
1942    30    2    5   10   11    5    1   -4   -3    2   10   13      7   7     18    9    1    3  1942
1943    -1   17   -3   11    7   -5    9    1    6   23   20   24      9   8     10    5    2   16  1943
1944    36   24   26   19   19   16   18   18   28   26   11    4     20  22     28   21   17   22  1944
1945    10    0    6   19    6    1    3   26   20   19    7   -6      9  10      5   10   10   15  1945
1946    15    3    1    6   -7  -21  -12  -20   -8   -7   -5  -30     -7  -5      4    0  -18   -7  1946
1947    -6   -8    6    6   -2   -1   -4   -7  -12    7    3  -13     -3  -4    -15    4   -4   -1  1947
1948     7  -14  -24  -12   -1   -5  -11  -12  -14   -5  -12  -23    -11 -10     -7  -12   -9  -11  1948
1949     7  -14   -2  -11  -10  -27  -13  -13  -14   -6  -10  -18    -11 -11    -10   -7  -18  -10  1949
1950   -26  -26   -7  -20  -11   -5   -8  -16  -11  -20  -33  -21    -17 -17    -23  -13  -10  -22  1950
1951   -34  -41  -20  -14    0   -6   -1    6    5    8   -1   16     -7 -10    -32  -11    0    4  1951
1952    11   11   -8    3   -3   -3    4    5    7    0  -13   -2      1   3     13   -2    2   -2  1952
1953     8   15   11   20   12   12    1    5    4    8   -3    5      8   7      7   14    6    3  1953
1954   -24  -10  -15  -14  -20  -18  -19  -17  -10   -2    8  -18    -13 -11    -10  -16  -18   -1  1954
1955    13  -16  -32  -22  -20  -14  -11    2  -11   -5  -25  -28    -14 -13     -7  -25   -8  -14  1955
1956   -13  -24  -21  -27  -29  -16   -9  -26  -19  -23  -15   -6    -19 -21    -22  -26  -17  -19  1956
1957    -9   -3   -5    0    9   16    2   15    9    1    8   15      5   3     -6    1   11    6  1957
1958    39   22    8    1    6   -9    5   -5   -2    4    2    1      6   7     25    5   -3    1  1958
1959     8    7   18   16    4    3    3   -1   -6   -7   -8   -1      3   3      5   13    2   -7  1959
1960     0   13  -35  -15   -8   -4   -4    2    7    6  -11   19     -2  -4      4  -19   -2    0  1960

Year   Jan  Feb  Mar  Apr  May  Jun  Jul  Aug  Sep  Oct  Nov  Dec    J-D D-N    DJF  MAM  JJA  SON  Year
1961     7   19    9   13   12   12    1    1    9    0    4  -16      6   9     15   12    4    4  1961
1962     5   15   10    5   -6    3    2   -1    0    1    6   -3      3   2      1    3    1    2  1962
1963    -3   18  -14   -7   -6    5    6   22   18   15   15   -3      5   5      4   -9   11   16  1963
1964    -9  -10  -21  -32  -25   -4   -4  -22  -30  -32  -21  -30    -20 -18     -7  -26  -10  -27  1964
1965    -8  -17  -13  -19  -12   -8  -13   -4  -15   -5   -6   -8    -11 -13    -18  -15   -9   -9  1965
1966   -19   -4    3  -13  -12    1    8   -9   -3  -16   -1   -2     -6  -6    -10   -7    0   -7  1966
1967    -7  -21    5   -5   12   -8    2    1   -6    9   -5   -5     -2  -2    -10    4   -2   -1  1967
1968   -26  -14   20   -6  -14   -9  -13   -9  -19    9   -5  -15     -8  -8    -15    0  -10   -5  1968
1969   -11  -18    1   17   18    4   -4    4    9   10   12   24      5   2    -14   12    1   10  1969
1970     8   22    6    5   -4   -3    1  -10   12    3    2  -12      3   6     18    2   -4    6  1970
1971    -2  -16  -18   -7   -5  -17   -8   -1   -6   -4   -7   -8     -8  -9    -10  -10   -8   -6  1971
1972   -22  -18    2    0   -3    4    1   16    2    8    2   18      1  -1    -16    0    7    4  1972
1973    29   32   29   27   22   18   12    5    9   10    5   -7     16  18     26   26   12    8  1973
1974   -10  -27   -5  -12   -4   -5   -3   11   -8   -6   -7   -8     -7  -7    -14   -7    1   -7  1974
1975    10    8   12    4   16   -1   -1  -17   -3  -11  -17  -17     -1  -1      3   11   -6  -10  1975
1976    -3   -6  -21   -7  -21  -12  -10  -12   -6  -24   -6   11    -10 -12     -9  -16  -11  -12  1976
1977    18   23   24   26   33   27   20   18    2    3   16    3     18  18     17   28   22    7  1977
1978     6   10   19   17    9   -1    4  -13    6    3   14    8      7   6      6   15   -4    8  1978
1979     8  -10   19   15    4   14    3   17   25   26   28   48     16  13      2   12   11   26  1979
1980    29   40   30   30   35   20   22   18   20   13   29   21     26  28     39   31   20   21  1980

Year   Jan  Feb  Mar  Apr  May  Jun  Jul  Aug  Sep  Oct  Nov  Dec    J-D D-N    DJF  MAM  JJA  SON  Year
1981    53   42   48   32   24   29   32   35   15   12   23   41     32  31     39   35   32   17  1981
1982     5   15    3   15   18    5   14    4   14   13   18   42     14  14     20   12    8   15  1982
1983    53   43   41   28   34   22   18   35   37   17   30   16     31  33     46   34   25   28  1983
1984    31   14   26    6   33    2   19   19   21   14    7   -4     16  17     21   22   14   14  1984
1985    22   -4   17   12   15   15    4   17   13   12    5   14     12  10      5   15   12   10  1985
1986    26   37   30   22   21   12   11   16    3   15   10   13     18  18     26   24   13    9  1986
1987    32   43   18   24   25   34   40   25   35   32   29   46     32  29     29   23   33   32  1987
1988    56   44   51   42   44   40   33   39   36   38   12   29     39  40     49   46   37   29  1988
1989    12   30   36   29   17   16   34   33   35   29   19   37     27  27     23   27   28   28  1989
1990    41   44   80   56   45   37   45   34   23   45   47   41     45  45     41   60   39   38  1990
1991    43   50   35   51   34   53   47   39   44   29   29   32     40  41     44   40   46   34  1991
1992    47   40   48   27   31   25    8    8   -1    6    3   21     22  23     40   35   14    3  1992
1993    35   37   36   27   28   23   25   11   12   23    3   18     23  23     31   31   20   13  1993
1994    26    2   29   41   28   43   30   21   32   42   44   38     31  30     15   33   32   39  1994
1995    52   79   47   46   27   43   45   45   34   47   44   25     44  46     56   40   44   42  1995
1996    24   46   33   32   28   25   36   48   24   19   38   37     33  32     32   31   36   27  1996
1997    30   40   52   34   34   54   34   42   52   61   64   58     46  44     36   40   43   59  1997
1998    58   88   63   63   68   77   66   65   42   41   43   55     61  61     68   64   69   42  1998
1999    49   64   32   31   27   36   38   32   38   34   37   41     38  39     56   30   35   36  1999
2000    25   56   55   56   35   40   39   42   38   27   30   28     39  40     40   49   40   32  2000

Year   Jan  Feb  Mar  Apr  May  Jun  Jul  Aug  Sep  Oct  Nov  Dec    J-D D-N    DJF  MAM  JJA  SON  Year
2001    46   43   56   50   57   51   59   50   52   50   72   56     54  51     39   54   53   58  2001
2002    77   78   88   58   63   53   61   53   62   54   59   43     62  63     70   70   55   58  2002
2003    75   58   59   55   60   47   58   65   62   73   53   75     62  59     59   58   57   63  2003
2004    58   72   63   61   37   44   26   47   50   60   73   50     53  55     68   54   39   61  2004
2005    74   60   74   68   62   64   62   61   71   74   73   68     68  66     61   68   62   73  2005
2006    56   73   63   48   49   65   54   70   64   69   73   79     64  63     66   53   63   69  2006
2007   102   70   73   77   69   61   60   59   59   58   59   49     66  69     83   73   60   59  2007
2008    30   38   74   53   49   49   60   47   60   66   69   54     54  54     39   59   52   65  2008
2009    64   53   54   61   65   65   74   68   72   65   81   68     66  65     57   60   69   73  2009
2010    75   83   92   84   75   67   62   67   63   70   82   45     72  74     75   84   66   72  2010
2011    51   48   65   64   52   61   70   74   57   66   58   60     61  59     48   60   69   60  2011
2012    49   49   57   71   78   64   58   63   72   79   78   53     64  65     53   69   62   76  2012
2013    70   62   68   54   61   69   60   70   77   69   84   69     68  66     62   61   66   77  2013
2014    75   55   79   80   86   67   58   82   88   80   67   79     75  74     67   82   69   78  2014
2015    85   90   96   75   80   81   73   81   85  109  106  115     90  87     85   83   78  100  2015
2016   117  137  135  111   96   81   85  101   91   88   91   86    101 104    123  114   89   90  2016
2017   103  115  116   95   91   72   81   87   77   90   88   93     92  92    101  101   80   85  2017
2018    81   85   89   89   82   78   83   76   80  102   83   92     85  85     87   87   79   88  2018
2019    93   96  118  101   85   92   94   94   92  101  100  110     98  97     93  101   93   98  2019
2020   117  125  118  113  102   92   90   87   99   88  113 ****   **** 104    117  111   89  100  2020
Year   Jan  Feb  Mar  Apr  May  Jun  Jul  Aug  Sep  Oct  Nov  Dec    J-D D-N    DJF  MAM  JJA  SON  Year

Divide by 100 to get changes in degrees Celsius (deg-C).
Multiply that result by 1.8(=9/5) to get changes in degrees Fahrenheit (deg-F).

Example      --      Table Value :      40
                          change :    0.40 deg-C  or  0.72 deg-F